4e-06
5e-06
4e-06
6e-06
6e-06
5e-06
5e-06
3e-06
4e-06
4e-06
5e-06
5e-06
4e-06
1e-05
5e-06
4e-06
7e-06
5e-06
4e-06
7e-06
4e-06
5e-06
7e-06
8e-06
4e-06
4e-06
3e-06
4e-06
4e-06
5e-06
4e-06
4e-06
5e-06
4e-06
4e-06
3e-06
3e-06
5e-06
3e-06
4e-06
5e-06
3e-06
4e-06
3e-06
3e-06
6e-06
4e-06
3e-06
3e-06
5e-06
3e-06
3e-06
4e-06
4e-06
5e-06
4e-06
3e-06
5e-06
3e-06
4e-06
3e-06
3e-06
3e-06
3e-06
3e-06
4e-06
3e-06
4e-06
4e-06
3e-06
3e-06
3e-06
4e-06
3e-06
3e-06
4e-06
4e-06
3e-06
3e-06
4e-06
3e-06
3e-06
4e-06
4e-06
3e-06
4e-06
4e-06
3e-06
4e-06
3e-06
3e-06
3e-06
3e-06
3e-06
3e-06
4e-06
4e-06
3e-06
3e-06
3e-06
3e-06
4e-06
4e-06
4e-06
3e-06
3e-06
4e-06
5e-06
3e-06
4e-06
4e-06
3e-06
2e-06
3e-06
5e-06
3e-06
4e-06
4e-06
4e-06
3e-06
3e-06
4e-06
3e-06
3e-06
4e-06
3e-06
4e-06
4e-06
4e-06
4e-06
3e-06
3e-06
0.000651
0.00374
0.006362
0.008416
0.006338
0.009184
0.006949
0.007302
0.004826
0.007139
0.018601
0.019537
0.005191
0.006792
0.019495
0.007842
0.012799
0.008138
0.005017
0.007299
0.006228
0.006929
0.006535
0.006829
0.004862
0.008289
0.004602
0.006708
0.011148
0.007432
0.004996
0.00636
0.004898
0.00803
0.006356
0.006247
0.004654
0.005799
0.004746
0.006162
0.00566
0.006228
0.004538
0.006463
0.004662
0.007665
0.004783
0.005942
0.005611
0.006621
0.006565
0.006396
0.004939
0.007643
0.004591
0.017295
0.004701
0.007521
0.011136
0.007488
0.007699
0.006189
0.005037
0.006735
0.005093
0.006592
0.004791
0.006473
0.012954
0.006516
0.004349
0.006495
0.004767
0.006465
0.004897
0.006898
0.004591
0.024321
0.007566
0.006315
0.007831
0.005938
0.013215
0.005813
0.00425
0.005585
0.00404
0.006574
0.005081
0.007429
0.004323
0.006748
0.005166
0.012887
0.004817
0.00733
0.006887
0.00603
0.00514
0.005984
0.00548
0.006178
0.00753
0.007024
0.004675
0.00602
0.004892
0.007793
0.007692
0.005864
0.00462
0.013094
0.007742
0.006098
0.004415
0.009248
0.004228
0.00619
0.017195
0.006642
0.004598
0.006228
0.004485
0.009106
0.00449
0.006904
0.005567
0.008589
0.016057
0.006112
0.010547
0.006153
0.006665
0.006559
0.0047
0.006746
0.004193
0.007416
0.008194
0.006241
0.004237
0.008002
0.004499
0.007835
0.004317
0.007929
0.004282
0.005936
0.005213
0.006547
0.00466
0.008017
0.006283
0.007948
0.004529
0.006072
0.010815
0.006521
0.01104
0.006558
0.014841
0.013646
0.004511
0.006198
0.004505
0.007009
0.00508
0.00685
0.0048
0.00693
0.004695
0.006395
0.011693
0.006445
0.004616
0.007608
0.007258
0.017517
0.005632
0.006243
0.004948
0.006327
0.004412
0.006079
0.004592
0.006687
0.006552
0.015647
0.015968
0.006811
0.004918
0.007369
0.007071
0.006076
0.004241
0.009183
0.005305
0.008049
0.005367
0.006684
0.006015
0.006878
0.00505
0.005611
0.004647
0.007946
0.010039
0.008064
0.007716
0.016819
0.005827
0.006167
0.005493
0.006316
0.004118
0.009166
0.004706
0.006036
0.005164
0.005995
0.004265
0.005765
0.007366
0.007216
0.013654
0.005938
0.006328
0.005965
0.006977
0.006403
0.010128
0.006642
0.005333
0.005911
0.00459
0.006085
0.007425
0.00613
0.008311
0.005916
0.004998
0.006894
0.0049
0.009179
0.004492
0.008754
0.00719
0.006098
0.005369
0.006648
0.01851
0.006152
0.00515
0.006471
0.00782
0.006284
0.02025
0.0063
0.004575
0.005845
0.004262
0.014356
0.00493
0.006343
0.004575
0.007142
0.012874
0.006203
0.004768
0.006157
0.004516
0.006218
0.00476
0.007051
0.004169
0.006857
0.010034
0.007228
0.007685
0.006117
0.006744
0.009129
0.004268
0.009263
0.019478
0.007938
0.004512
0.007315
0.004944
0.006204
0.004608
0.007013
0.004351
0.010793
0.004527
0.006316
0.004596
0.006137
0.004964
0.006082
0.005663
0.00748
0.006721
0.007686
0.004224
0.006992
0.011627
0.005981
0.004338
0.005655
0.004573
0.006005
0.005855
0.009368
0.004664
0.01135
0.007259
0.008904
0.006442
0.005872
0.004942
0.005467
0.006816
0.007892
0.004764
0.005952
0.004102
0.005945
0.004552
0.006106
0.006229
0.011523
0.004532
0.013014
0.004549
0.011801
0.004908
0.005993
0.007052
0.00553
0.019142
0.006237
0.007962
0.007273
0.00431
0.008888
0.008294
0.006481
0.006434
0.005924
0.006701
0.008562
0.004543
0.013702
0.004138
0.00769
0.01221
0.006127
0.01845
0.00607
0.008649
0.006332
